1.699258323047982458e+03 1.605239821855272794e+03 1.580333919730028583e+03 1.950550100677872024e+03 2.457718233946759254e+06
1.699464150124332491e+03 1.605431619622820563e+03 1.580028759717011326e+03 1.950524130728523232e+03 2.457718234143518377e+06
1.700410536002086474e+03 1.606329852896394186e+03 1.578669083113907618e+03 1.948801526926394217e+03 2.457718234293981455e+06
1.699758236537984658e+03 1.605786191529992948e+03 1.578405818069658608e+03 1.948880555821327107e+03 2.457718234432870522e+06
1.700116532432571603e+03 1.606047702790782751e+03 1.578133901051907969e+03 1.948362493413410448e+03 2.457718234571759123e+06
1.699713841310703174e+03 1.605651360483340113e+03 1.576735758489817272e+03 1.946968845536973276e+03 2.457718234722222202e+06
1.699864623798491948e+03 1.605872556495893377e+03 1.576295834749260621e+03 1.946567859277002754e+03 2.457718234861111268e+06
1.700339078531399537e+03 1.606282901397527439e+03 1.577565664772508853e+03 1.947792823137869618e+03 2.457718234999999870e+06
1.700992716910460331e+03 1.606977535965053221e+03 1.578562226978541275e+03 1.949022385179962384e+03 2.457718235150462948e+06
1.700304641818752316e+03 1.606239967524175654e+03 1.579282908556749362e+03 1.949497834953139090e+03 2.457718235289352015e+06
1.700386815841787438e+03 1.606356384900497687e+03 1.580852368301615343e+03 1.951044982393453438e+03 2.457718235428240616e+06
1.700954019030026984e+03 1.606887440354065347e+03 1.582184764341720665e+03 1.952409344795699781e+03 2.457718235578703694e+06
1.701141804579660402e+03 1.607118137848746528e+03 1.582688476733958851e+03 1.953143825136403166e+03 2.457718235717592761e+06
1.701542645559524772e+03 1.607566170840349514e+03 1.583174759677789325e+03 1.953434649582323800e+03 2.457718235856481362e+06
1.701057447102898323e+03 1.607006763944202476e+03 1.583215318468887972e+03 1.953555637537156144e+03 2.457718236006944440e+06
1.701059720335670363e+03 1.606975318888682978e+03 1.582257575537354114e+03 1.952670073355645854e+03 2.457718236145833507e+06
1.701031519826688736e+03 1.607058425674434147e+03 1.582066202682188987e+03 1.952424384223324751e+03 2.457718236296296120e+06
1.701716555633740882e+03 1.607652623891614212e+03 1.581117425421837652e+03 1.951307323954057892e+03 2.457718236435185187e+06
1.701872767351887887e+03 1.607865412184166189e+03 1.582097964487626314e+03 1.952441488325205000e+03 2.457718236574074253e+06
1.701710542463387810e+03 1.607700064590152579e+03 1.582678619374230493e+03 1.952863895295641441e+03 2.457718236724536866e+06
1.701838004945533157e+03 1.607806143216149849e+03 1.581972566310733328e+03 1.952358266803673587e+03 2.457718236863425933e+06
1.702256901866950329e+03 1.608176084870121031e+03 1.583372919897536576e+03 1.953835955496826500e+03 2.457718237002315000e+06
1.702583744272739295e+03 1.608583598337301510e+03 1.584584616144665233e+03 1.954726568406591014e+03 2.457718237152777612e+06
1.702555242690053319e+03 1.608521923090360360e+03 1.586733069757928206e+03 1.957030161893570948e+03 2.457718237291666679e+06
1.703037771999110419e+03 1.609021188636237412e+03 1.587334478883574093e+03 1.957656496614916477e+03 2.457718237430555746e+06
1.703401510474892120e+03 1.609339669500812306e+03 1.587772445818376355e+03 1.958387907334873717e+03 2.457718237581018358e+06
1.703242810751206889e+03 1.609231356273723122e+03 1.589191422443526335e+03 1.959839574692276301e+03 2.457718237719907425e+06
1.703050585653212920e+03 1.609075697404528455e+03 1.589858904332861584e+03 1.960218047814163810e+03 2.457718237870370504e+06
1.704100373279949963e+03 1.610046491437708710e+03 1.590660123953887251e+03 1.961098522880324936e+03 2.457718238009259105e+06
1.704106290588488946e+03 1.610092252237454431e+03 1.591124450556843840e+03 1.961583411546231901e+03 2.457718238148148172e+06
1.703581351006489740e+03 1.609563685040620157e+03 1.591957425555108557e+03 1.962470058310831064e+03 2.457718238298611250e+06
1.703503520195178908e+03 1.609495031082451760e+03 1.591879705394116172e+03 1.962320483866127233e+03 2.457718238437499851e+06
1.703431618335987196e+03 1.609433038482290158e+03 1.592981504908719444e+03 1.963581274916149823e+03 2.457718238576388918e+06
1.704177098018054494e+03 1.610169334336836982e+03 1.594296079209948402e+03 1.964795020333807088e+03 2.457718238726851996e+06
1.704087294911573053e+03 1.610074451448035688e+03 1.595256485054954510e+03 1.965522823930823279e+03 2.457718238865740597e+06
1.705592351983581239e+03 1.611552789424536741e+03 1.594365296086783246e+03 1.965039856683745938e+03 2.457718239004629664e+06
1.704733429909658980e+03 1.610643715933081694e+03 1.593736948210291757e+03 1.964298807167112500e+03 2.457718239155092742e+06
1.704143938948724781e+03 1.610125202456617899e+03 1.594273823918159678e+03 1.964619315782667400e+03 2.457718239293981344e+06
1.704825797516289185e+03 1.610724757346731394e+03 1.595822734851414452e+03 1.966405979534002654e+03 2.457718239444444422e+06
1.704169174723053629e+03 1.610079248574942767e+03 1.597316772745020444e+03 1.967818857007225915e+03 2.457718239583333489e+06
1.704620997597587120e+03 1.610561015587197289e+03 1.597629794484381136e+03 1.967861616506733753e+03 2.457718239733796101e+06
1.704497343032209756e+03 1.610457572088385405e+03 1.598011981028573246e+03 1.968490158638858475e+03 2.457718239872685168e+06
1.704299464776404193e+03 1.610284863626919332e+03 1.598770255340067024e+03 1.969301101191104408e+03 2.457718240011574235e+06
1.704835132167263737e+03 1.610856952770354610e+03 1.598131095679967984e+03 1.968552166306876870e+03 2.457718240162036847e+06
1.704771728930646987e+03 1.610705301510133040e+03 1.596569076779961961e+03 1.966948998981423529e+03 2.457718240300925914e+06
1.705012719064802468e+03 1.610990058287205784e+03 1.596040552655678084e+03 1.966638846826999270e+03 2.457718240451388992e+06
1.704715244463030103e+03 1.610670485509624314e+03 1.596378421898226179e+03 1.966837257908142192e+03 2.457718240590277594e+06
1.704676752756392261e+03 1.610685786296340666e+03 1.595605866231425352e+03 1.966011650107854848e+03 2.457718240729166660e+06
1.705057381880316143e+03 1.611057170773628513e+03 1.596356621018888063e+03 1.966722931985430478e+03 2.457718240879629739e+06
1.704338438686395193e+03 1.610335030140655135e+03 1.597199703722328877e+03 1.967881252418620988e+03 2.457718241018518340e+06
1.705057053656934613e+03 1.610981107416734631e+03 1.598022681804129888e+03 1.968423187632824920e+03 2.457718241168981418e+06
1.705375035808904840e+03 1.611345116013411825e+03 1.598370073826265752e+03 1.968697288144639515e+03 2.457718241307870485e+06
1.705312665944957416e+03 1.611221156853831417e+03 1.599666747323019536e+03 1.970122766747719879e+03 2.457718241446759086e+06
1.706208068221042595e+03 1.612204819157723932e+03 1.600686053175749066e+03 1.971400461938700573e+03 2.457718241597222164e+06
1.705911601139196819e+03 1.611910240261206354e+03 1.600905996546816368e+03 1.971483987384251122e+03 2.457718241736111231e+06
1.706623252699831028e+03 1.612626127784284336e+03 1.600759850546441612e+03 1.971206514206069642e+03 2.457718241886573844e+06
1.706829420359456435e+03 1.612852931194953499e+03 1.600933641725356665e+03 1.971541728363037237e+03 2.457718242025462911e+06
1.706482530465556010e+03 1.612413001404322813e+03 1.600548208301309160e+03 1.971097666831904462e+03 2.457718242164351977e+06
1.707072846756402669e+03 1.613045292175031136e+03 1.601350418289594700e+03 1.971851141241094410e+03 2.457718242314814590e+06
1.707251655276237898e+03 1.613191935208127006e+03 1.600886279824235771e+03 1.971343806865988881e+03 2.457718242453703657e+06
1.706975774515597777e+03 1.612995767522088045e+03 1.601107110072167188e+03 1.971568280594654880e+03 2.457718242604166735e+06
1.707507936292407294e+03 1.613497276476892694e+03 1.602234866842714382e+03 1.972971044099988148e+03 2.457718242743055336e+06
1.707476425722390331e+03 1.613464186773027677e+03 1.602287999298265959e+03 1.972759722640043719e+03 2.457718242881944403e+06
1.707829213637510065e+03 1.613802766582280583e+03 1.602420372843787163e+03 1.972967164837838027e+03 2.457718243032407481e+06
1.707603285327740195e+03 1.613598300561851147e+03 1.601960264807689782e+03 1.972450263483756544e+03 2.457718243171296082e+06
1.708419638471247254e+03 1.614421854145832640e+03 1.603452574415962545e+03 1.973842544182185975e+03 2.457718243321759161e+06
1.708419565717664227e+03 1.614415355075481784e+03 1.603448218635744070e+03 1.973788425682768093e+03 2.457718243460648227e+06
1.708750135095948735e+03 1.614644827561555758e+03 1.604277198053649499e+03 1.974821555788131718e+03 2.457718243599536829e+06
1.708958050216792117e+03 1.614934219677803640e+03 1.604641992691675341e+03 1.975053548645222463e+03 2.457718243749999907e+06
1.708743973591190525e+03 1.614668181127854496e+03 1.606251127152942217e+03 1.976513304153951594e+03 2.457718243888888974e+06
1.708491640046960583e+03 1.614464251936677101e+03 1.606551424449163278e+03 1.977065823103209368e+03 2.457718244027777575e+06
1.708795243775481367e+03 1.614834505935053130e+03 1.606208048062795342e+03 1.976749943420561294e+03 2.457718244178240653e+06
1.708815248180899061e+03 1.614792862439007195e+03 1.607036505590219122e+03 1.977502489479595624e+03 2.457718244317129720e+06
1.709373663553682036e+03 1.615338166478515632e+03 1.607612315454658301e+03 1.977944918877474493e+03 2.457718244456018321e+06
1.709162953350529506e+03 1.615134161319658006e+03 1.607443848252829184e+03 1.977668075651652089e+03 2.457718244618055411e+06
1.709491712279068224e+03 1.615476545152200970e+03 1.607193466605968752e+03 1.977781147561161788e+03 2.457718244780092500e+06
1.709402542080802505e+03 1.615316062355148915e+03 1.607868860051660477e+03 1.978640651327340493e+03 2.457718244930555578e+06
1.709728560139771162e+03 1.615727357397063088e+03 1.608031886664799003e+03 1.978570845644597512e+03 2.457718245081018656e+06
1.709976326910653825e+03 1.615973040455605769e+03 1.608575853102827068e+03 1.978837967065864177e+03 2.457718245231481269e+06
1.710186921177248905e+03 1.616260103629243758e+03 1.608318120379987704e+03 1.978749872469176353e+03 2.457718245381944347e+06
1.710020863834715556e+03 1.616007681483945589e+03 1.608598177019229070e+03 1.979074957349191891e+03 2.457718245532407425e+06
1.709743509546471842e+03 1.615755389252698933e+03 1.609437555278717582e+03 1.979905540374665179e+03 2.457718245682870504e+06
1.710150250606236796e+03 1.616084146355353141e+03 1.608878564561519170e+03 1.978794870789770812e+03 2.457718245833333116e+06
1.710138821222450588e+03 1.616108851793360145e+03 1.609421058244779942e+03 1.979705735638278156e+03 2.457718245995370205e+06
1.710160344637447224e+03 1.616131444545482509e+03 1.610337985963957635e+03 1.980668939398618704e+03 2.457718246145833284e+06
1.710104011650488928e+03 1.616115405037547589e+03 1.609967410312574202e+03 1.980607099376137057e+03 2.457718246296296362e+06
1.710243237028965268e+03 1.616256136142549849e+03 1.610987429008270055e+03 1.981459142751952413e+03 2.457718246446759440e+06
1.710989619360483402e+03 1.616902722963377983e+03 1.612016480071787328e+03 1.982481526738553612e+03 2.457718246597222053e+06
1.710731359270487246e+03 1.616742695029832703e+03 1.611521761319236930e+03 1.982067293337194769e+03 2.457718246747685131e+06
1.711110160398439575e+03 1.617145221429698267e+03 1.611682132650038966e+03 1.981932639669774517e+03 2.457718246898148209e+06
1.711054387828211247e+03 1.617021477377898464e+03 1.611329456977110112e+03 1.981716337270180247e+03 2.457718247037036810e+06
1.711379136128128494e+03 1.617365706685643772e+03 1.611374913327387731e+03 1.981955639076627222e+03 2.457718247187499888e+06
1.711370952970500412e+03 1.617381795459997647e+03 1.611967317342404158e+03 1.982499219544835796e+03 2.457718247326388955e+06
1.711669462456799010e+03 1.617676927770434077e+03 1.611843486349133400e+03 1.982299488921875309e+03 2.457718247476852033e+06
1.711394985362033367e+03 1.617390377517677734e+03 1.611366179801099179e+03 1.981882485965009892e+03 2.457718247615740635e+06
1.711758275195196802e+03 1.617713975910877025e+03 1.612736125302012624e+03 1.983225064681896356e+03 2.457718247766203713e+06
1.712357678352037738e+03 1.618314050053954134e+03 1.613898226893824130e+03 1.984406159039134764e+03 2.457718247916666791e+06
1.712017803744508001e+03 1.617943119495117571e+03 1.614485668963234502e+03 1.984935962817947711e+03 2.457718248055555392e+06
1.712307628212411373e+03 1.618193042649070549e+03 1.615923914970586338e+03 1.986554241024517978e+03 2.457718248206018470e+06
1.712346731304813375e+03 1.618211100631537420e+03 1.617072455613609009e+03 1.987585484358137819e+03 2.457718248344907537e+06
1.712542062355843882e+03 1.618472641262178286e+03 1.617421556248665865e+03 1.987832566536211061e+03 2.457718248495370150e+06
1.712688865341128121e+03 1.618655686309482462e+03 1.616699961897141975e+03 1.987239711614211956e+03 2.457718248645833228e+06
1.712168523913202762e+03 1.618128352206673753e+03 1.616717291104777814e+03 1.986708067161291183e+03 2.457718248784722295e+06
1.712982881095466610e+03 1.619004690058849292e+03 1.615776842890765010e+03 1.986211662471872160e+03 2.457718248935185373e+06
1.713012322685180152e+03 1.619046035567813078e+03 1.614943761126231720e+03 1.985351838337876416e+03 2.457718249074073974e+06
1.713429184607342449e+03 1.619390861436321529e+03 1.615024335708689705e+03 1.985550350236276017e+03 2.457718249212963041e+06
1.713391900279636729e+03 1.619323783562147810e+03 1.614813239276947570e+03 1.985078385747641050e+03 2.457718249363426119e+06
1.713341715350336926e+03 1.619305091466117574e+03 1.614862573319021521e+03 1.985168282979102742e+03 2.457718249502314720e+06
1.713805672910977137e+03 1.619776311629900420e+03 1.614916722888329787e+03 1.985484562192724752e+03 2.457718249652777798e+06
1.714019066081027631e+03 1.620086400553640715e+03 1.616190518481777644e+03 1.986451287776499385e+03 2.457718249803240877e+06
1.714242948965976893e+03 1.620194883670007357e+03 1.617691731181128944e+03 1.987957991637202440e+03 2.457718249953703489e+06
1.714254277864583173e+03 1.620132364801984750e+03 1.618163291380104738e+03 1.988695643978437374e+03 2.457718250104166567e+06
1.714402405993855155e+03 1.620358636515995613e+03 1.617803697926907716e+03 1.988419082273846925e+03 2.457718250254629645e+06
1.714979716898110837e+03 1.620849163077416506e+03 1.618281474578151574e+03 1.988922248773631509e+03 2.457718250405092724e+06
1.715253336522975360e+03 1.621174073167562483e+03 1.618983510458052706e+03 1.989721420915642739e+03 2.457718250555555336e+06
1.715205217113673598e+03 1.621122733515947630e+03 1.619402155729818560e+03 1.989966288678146839e+03 2.457718250706018414e+06
1.715384100421744961e+03 1.621293367820532467e+03 1.619645550203292714e+03 1.990104485409470726e+03 2.457718250856481493e+06
1.715308814142294978e+03 1.621173656253005902e+03 1.618874378816654144e+03 1.989373440505708913e+03 2.457718250995370559e+06
1.715575337952562904e+03 1.621456014255028322e+03 1.618493853256441980e+03 1.989101524854622085e+03 2.457718251145833172e+06
1.715581280610929980e+03 1.621520417863550847e+03 1.617823796795214548e+03 1.988266068033715783e+03 2.457718251284722239e+06
1.715816528388008919e+03 1.621697661048571490e+03 1.617395652351022363e+03 1.987993446113058553e+03 2.457718251435185317e+06
1.715619505089648783e+03 1.621562907204711109e+03 1.618099728845762229e+03 1.988559819630367883e+03 2.457718251574073918e+06
1.715900243422006042e+03 1.621920151405827028e+03 1.619321819221998567e+03 1.989841041656004563e+03 2.457718251724536996e+06
1.716539849571331615e+03 1.622491809288617787e+03 1.620203529697152817e+03 1.990616849554657620e+03 2.457718251875000075e+06
1.717159553762714950e+03 1.623167540293056391e+03 1.621985172514370561e+03 1.992730758714431659e+03 2.457718252013888676e+06
1.717043021069825500e+03 1.622947930397508344e+03 1.624884857464746119e+03 1.995627706304449248e+03 2.457718252164351754e+06
1.717532480108671280e+03 1.623516631546770213e+03 1.625867238197275810e+03 1.996670771225733006e+03 2.457718252303240821e+06
1.717331120880962317e+03 1.623252702937613321e+03 1.626853714695271492e+03 1.997412849147704037e+03 2.457718252453703899e+06
1.717334441729113905e+03 1.623304184321228604e+03 1.626808639452709031e+03 1.997385720678899816e+03 2.457718252592592500e+06
1.717855401930089101e+03 1.623797254408007348e+03 1.626841481344680915e+03 1.997577129573382308e+03 2.457718252743055578e+06
1.717899458442693685e+03 1.623811032009217342e+03 1.627300771368347796e+03 1.997984161200200560e+03 2.457718252881944645e+06
1.717918008441054099e+03 1.623823088798356821e+03 1.626926731804121346e+03 1.997623382977279107e+03 2.457718253032407258e+06
1.718042053066296603e+03 1.623989006923198303e+03 1.626622106369739640e+03 1.997268805821429623e+03 2.457718253182870336e+06
1.718084947495403185e+03 1.624074616734866140e+03 1.627272107430210554e+03 1.997917537942107401e+03 2.457718253321759403e+06
1.718008637883419624e+03 1.623929258203147356e+03 1.627768426248222568e+03 1.998376605166075024e+03 2.457718253472222015e+06
1.718498393819796547e+03 1.624461416801490032e+03 1.627892951535690599e+03 1.998334857785950817e+03 2.457718253611111082e+06
1.718512979738950207e+03 1.624467410895392959e+03 1.629070562856449214e+03 1.999419113107106568e+03 2.457718253761574160e+06
1.718802515507810995e+03 1.624767170280259052e+03 1.631181379546162361e+03 2.001728759644839556e+03 2.457718253912037238e+06
1.718669122414613412e+03 1.624608860568959244e+03 1.632218239134592750e+03 2.002736589364590372e+03 2.457718254050925840e+06
1.719013467028335526e+03 1.624912234316203239e+03 1.633257740198858755e+03 2.003846849292416209e+03 2.457718254201388918e+06
1.719488321918233169e+03 1.625486248980583696e+03 1.633113096223318280e+03 2.003709174597986021e+03 2.457718254351851996e+06
1.719354603294748358e+03 1.625340202554374855e+03 1.633070713876404398e+03 2.003538094043974070e+03 2.457718254490740597e+06
1.719866818450450410e+03 1.625770460103247160e+03 1.632328094598043663e+03 2.002841912718164394e+03 2.457718254641203675e+06
1.720247146333459568e+03 1.626254073981216607e+03 1.631854041643127175e+03 2.002567042997520048e+03 2.457718254780092742e+06
1.720363770596241920e+03 1.626333815202124924e+03 1.630428291357358830e+03 2.000841917014347018e+03 2.457718255081018433e+06
